[ver:1,total:18660]
.gtm/terminal.app:7881,1550466000:780,1550919600:180,1551171600:390,1551175200:180,1551186000:600,1551189600:360,1551225600:300,1551250800:324,1551254400:1596,1551258000:517,1551261600:460,1551279600:392,1551283200:342,1551286800:490,1551290400:970,r
src/set-fields-on-graphql-node-type.ts:5257,1551279600:2179,1551283200:2938,1551286800:90,1551290400:50,m
src/extend-node-type.ts:1697,1551171600:450,1551250800:280,1551254400:567,1551258000:60,1551261600:260,1551279600:80,d
src/source-nodes.ts:1685,1551254400:136,1551258000:659,1551261600:840,1551286800:20,1551290400:30,m
package.json:1104,1551250800:62,1551254400:60,1551279600:12,1551283200:220,1551286800:180,1551290400:570,m
src/cache-image.ts:360,1551250800:324,1551254400:36,m
index.js:180,1551250800:180,r
src/types/exif-data.ts:125,1551254400:45,1551283200:80,r
src/gatsby-node.ts:97,1551279600:97,m
tsconfig.json:84,1551250800:30,1551254400:30,1551258000:24,r
report.20190227.032822.53356.001.json:60,1551254400:60,d
.gitignore:30,1551290400:30,m
report.20190227.112950.93372.001.json:30,1551290400:30,r
yarn.lock:20,1551283200:20,r
report.20190227.025446.32920.001.json:20,1551254400:20,d
types/exif-data.js:15,1551254400:15,r
types/exif-data.d.ts:15,1551254400:15,r
