[ver:1,total:60]
package.json:20,1551330000:20,m
.git/COMMIT_EDITMSG:20,1551330000:20,r
.gtm/terminal.app:20,1551330000:20,r

[ver:1,total:18660]
.gtm/terminal.app:7881,1550466000:780,1550919600:180,1551171600:390,1551175200:180,1551186000:600,1551189600:360,1551225600:300,1551250800:324,1551254400:1596,1551258000:517,1551261600:460,1551279600:392,1551283200:342,1551286800:490,1551290400:970,r
src/set-fields-on-graphql-node-type.ts:5257,1551279600:2179,1551283200:2938,1551286800:90,1551290400:50,m
src/extend-node-type.ts:1697,1551171600:450,1551250800:280,1551254400:567,1551258000:60,1551261600:260,1551279600:80,d
src/source-nodes.ts:1685,1551254400:136,1551258000:659,1551261600:840,1551286800:20,1551290400:30,m
package.json:1104,1551250800:62,1551254400:60,1551279600:12,1551283200:220,1551286800:180,1551290400:570,m
src/cache-image.ts:360,1551250800:324,1551254400:36,m
index.js:180,1551250800:180,r
src/types/exif-data.ts:125,1551254400:45,1551283200:80,r
src/gatsby-node.ts:97,1551279600:97,m
tsconfig.json:84,1551250800:30,1551254400:30,1551258000:24,r
report.20190227.032822.53356.001.json:60,1551254400:60,d
.gitignore:30,1551290400:30,m
report.20190227.112950.93372.001.json:30,1551290400:30,r
yarn.lock:20,1551283200:20,r
report.20190227.025446.32920.001.json:20,1551254400:20,d
types/exif-data.js:15,1551254400:15,r
types/exif-data.d.ts:15,1551254400:15,r

[ver:1,total:1620]
src/set-fields-on-graphql-node-type.ts:620,1551290400:560,1551294000:60,m
.gtm/terminal.app:445,1551290400:325,1551294000:120,r
.eslintrc.js:193,1551290400:193,m
src/source-nodes.ts:165,1551290400:165,m
package.json:70,1551290400:70,m
tslint.json:45,1551290400:45,m
src/cache-image.ts:30,1551290400:30,d
.prettierrc:25,1551290400:25,m
src/types/s3-image-asset-node.ts:20,1551290400:20,r
gatsby-node.js:7,1551290400:7,r

[ver:1,total:600]
src/set-fields-on-graphql-node-type.ts:405,1551294000:405,m
.gtm/terminal.app:180,1551294000:180,r
src/extend-node-type.js:15,1551294000:15,d

[ver:1,total:300]
src/source-nodes.ts:195,1551294000:195,m
.gtm/terminal.app:90,1551294000:90,r
.eslintrc.js:15,1551294000:15,m
